GaAs 0.111 1.42 0.067 0.08 0.5 3.9476
GaP -0.388 2.74 0.25 0.14 0.67 3.3798
InP 0.0 1.35 0.077 0.12 0.6 3.3688
InAs 0.441 0.354 0.023 0.025 0.4 3.714
AlAs -0.4245 2.95 0.15 0.16 0.79 2.994
In0.530144Ga0.35962Al0.110236As 0.27450161249494187 0.8784483498256997 0.052823251999999994 0.05966096 0.47895403999999997 3.53441639378411
In0.5308569Ga0.401988Al0.0671551As 0.29283149371867184 0.8251483171890904 0.0492161697 0.056175278499999995 0.466389289 3.5386349049648063
In0.5319670000000012Ga0.468033Al-1.11468e-15As 0.3187091531757405 0.7499006886428017 0.04359345199999986 0.05074181499999985 0.44680329999999957 3.542847366859467
In0.5295509999999999Ga0.324316Al0.146133As 0.2582012794861882 0.9258468174289382 0.055828795 0.062565335 0.48942346999999997 3.5300562504267163
In0.529522Ga0.322607Al0.147871As 0.2573883337792684 0.9282107188738924 0.055974325000000005 0.06270597 0.48993039000000005 3.52982886801729
In0.530118Ga0.35806Al0.111822As 0.27380119448377344 0.8804850407566925 0.052956034 0.05978927 0.47941658000000004 3.534238846001035
In0.5319482799999999Ga0.466874Al0.00117772As 0.31828397550062737 0.7511370296579606 0.043692026440000004 0.050837062200000005 0.4471467108 3.5427967627268244
In0.5308442Ga0.40125Al0.0679058As 0.29252353407607506 0.8260438090256614 0.0492790366 0.056236033000000005 0.46660826200000005 3.538571656185449
In0.529512Ga0.322041Al0.148447As 0.2571182962645455 0.9289959399111791 0.056022573000000006 0.0627526 0.49009843000000003 3.529753190254177
In0.5295030000000001Ga0.321499Al0.148998As 0.25685994934490686 0.9297471667784041 0.056068702 0.062797175 0.49025912 3.529680722142409
In0.53011Ga0.357565Al0.112325As 0.2735787620965862 0.8811318345548526 0.052998135 0.05982995000000001 0.47956325 3.534182244871681
In0.5319417200000001Ga0.466508Al0.00155028As 0.31814903579974085 0.7515294102944436 0.04372323756 0.050867227800000005 0.4472554092 3.5427805678766244
In0.5308406Ga0.401016Al0.0681434As 0.29242612666566586 0.8263270524406343 0.0492989158 0.056255239 0.466677526 3.5385515914444605
In0.5295Ga0.321319Al0.149181As 0.25677409405013646 0.929996818696899 0.056084023 0.06281198 0.49031249 3.5296566249442276
